113
0 480 630
0 540 630
0 600 630
0 660 600
0 720 570
0 720 540
0 720 510
0 720 450
0 720 480
0 660 420
0 600 390
0 540 390
0 480 390
0 420 420
0 360 450
0 360 480
0 360 510
0 360 540
0 360 570
1 420 570
1 420 540
1 420 510
1 420 480
1 420 450
1 480 420
1 540 420
1 600 420
1 660 450
1 660 480
1 660 510
1 660 540
1 660 570
1 600 600
1 540 600
0 420 600
1 480 600
1 480 570
1 600 570
1 600 450
1 480 450
2 540 450
2 480 480
2 480 510
2 480 540
2 540 570
2 600 540
2 600 510
2 600 480
2 540 480
2 540 510
2 540 540
1 360 420
1 420 390
1 300 420
1 300 450
1 300 480
1 300 510
1 300 540
1 300 570
1 300 600
1 360 600
1 420 630
1 480 660
1 540 660
1 600 660
1 660 630
1 720 600
1 780 600
1 780 570
1 780 540
1 780 510
1 780 480
1 780 450
1 780 420
1 720 420
1 660 390
1 600 360
1 540 360
1 480 360
2 240 480
2 180 480
2 120 480
2 60 480
2 120 450
2 180 450
2 240 450
2 180 420
2 240 420
2 240 390
2 300 390
2 360 390
2 720 390
2 780 390
2 840 390
2 840 420
2 840 450
2 840 480
2 900 480
2 960 480
2 1020 480
2 960 450
2 900 450
2 900 420
2 300 360
2 360 360
2 420 360
2 420 330
2 480 330
2 540 330
2 600 330
2 660 360
2 660 330
2 720 360
